tmat 80 4
tmat [0]
 8.983e-01 1.017e-01                  
          9.442e-01 5.584e-02         
                   8.966e-01 1.034e-01
tmat [1]
 9.344e-01 6.564e-02                  
          9.477e-01 5.227e-02         
                   9.501e-01 4.989e-02
tmat [2]
 8.569e-01 1.431e-01                  
          8.843e-01 1.157e-01         
                   8.888e-01 1.112e-01
tmat [3]
 8.842e-01 1.158e-01                  
          9.158e-01 8.419e-02         
                   9.226e-01 7.743e-02
tmat [4]
 8.585e-01 1.415e-01                  
          9.133e-01 8.669e-02         
                   8.951e-01 1.049e-01
tmat [5]
 7.896e-01 2.104e-01                  
          9.317e-01 6.835e-02         
                   9.331e-01 6.692e-02
tmat [6]
 7.989e-01 2.011e-01                  
          7.139e-01 2.861e-01         
                   9.014e-01 9.859e-02
tmat [7]
 9.303e-01 6.969e-02                  
          9.433e-01 5.672e-02         
                   9.525e-01 4.752e-02
tmat [8]
 6.872e-01 3.128e-01                  
          7.456e-01 2.544e-01         
                   7.791e-01 2.209e-01
tmat [9]
 9.476e-01 5.240e-02                  
          8.833e-01 1.167e-01         
                   9.491e-01 5.093e-02
tmat [10]
 8.691e-01 1.309e-01                  
          8.107e-01 1.893e-01         
                   8.795e-01 1.205e-01
tmat [11]
 5.577e-01 4.423e-01                  
          5.319e-01 4.681e-01         
                   5.906e-01 4.094e-01
tmat [12]
 7.420e-01 2.580e-01                  
          6.757e-01 3.243e-01         
                   7.034e-01 2.966e-01
tmat [13]
 7.916e-01 2.084e-01                  
          7.074e-01 2.926e-01         
                   6.856e-01 3.144e-01
tmat [14]
 8.240e-01 1.760e-01                  
          7.431e-01 2.569e-01         
                   8.010e-01 1.990e-01
tmat [15]
 7.696e-01 2.304e-01                  
          6.947e-01 3.053e-01         
                   7.454e-01 2.546e-01
tmat [16]
 8.539e-01 1.461e-01                  
          8.767e-01 1.233e-01         
                   9.280e-01 7.198e-02
tmat [17]
 7.493e-01 2.507e-01                  
          7.434e-01 2.566e-01         
                   7.229e-01 2.771e-01
tmat [18]
 7.217e-01 2.783e-01                  
          7.188e-01 2.812e-01         
                   7.805e-01 2.195e-01
tmat [19]
 7.616e-01 2.384e-01                  
          8.350e-01 1.650e-01         
                   8.956e-01 1.044e-01
tmat [20]
 6.936e-01 3.064e-01                  
          5.977e-01 4.023e-01         
                   6.468e-01 3.532e-01
tmat [21]
 8.279e-01 1.721e-01                  
          7.558e-01 2.442e-01         
                   8.097e-01 1.903e-01
tmat [22]
 6.786e-01 3.214e-01                  
          5.470e-01 4.530e-01         
                   5.947e-01 4.053e-01
tmat [23]
 7.068e-01 2.932e-01                  
          5.223e-01 4.777e-01         
                   5.199e-01 4.801e-01
tmat [24]
 7.087e-01 2.913e-01                  
          5.617e-01 4.383e-01         
                   7.846e-01 2.154e-01
tmat [25]
 8.587e-01 1.413e-01                  
          6.527e-01 3.473e-01         
                   7.704e-01 2.296e-01
tmat [26]
 9.123e-01 8.774e-02                  
          5.997e-01 4.003e-01         
                   6.620e-01 3.380e-01
tmat [27]
 8.153e-01 1.847e-01                  
          8.285e-01 1.715e-01         
                   6.946e-01 3.054e-01
tmat [28]
 6.645e-01 3.355e-01                  
          6.043e-01 3.957e-01         
                   6.899e-01 3.101e-01
tmat [29]
 5.954e-01 4.046e-01                  
          5.980e-01 4.020e-01         
                   7.133e-01 2.867e-01
tmat [30]
 7.207e-01 2.793e-01                  
          5.885e-01 4.115e-01         
                   7.038e-01 2.962e-01
tmat [31]
 8.750e-01 1.250e-01                  
          8.000e-01 2.000e-01         
                   9.375e-01 6.250e-02
tmat [32]
 6.522e-01 3.478e-01                  
          5.791e-01 4.209e-01         
                   6.685e-01 3.315e-01
tmat [33]
 7.586e-01 2.414e-01                  
          6.725e-01 3.275e-01         
                   7.248e-01 2.752e-01
tmat [34]
 6.727e-01 3.273e-01                  
          6.506e-01 3.494e-01         
                   6.783e-01 3.217e-01
tmat [35]
 6.884e-01 3.116e-01                  
          6.478e-01 3.522e-01         
                   7.440e-01 2.560e-01
tmat [36]
 6.987e-01 3.013e-01                  
          6.397e-01 3.603e-01         
                   7.215e-01 2.785e-01
tmat [37]
 6.343e-01 3.657e-01                  
          6.022e-01 3.978e-01         
                   6.241e-01 3.759e-01
tmat [38]
 6.743e-01 3.257e-01                  
          6.117e-01 3.883e-01         
                   6.675e-01 3.325e-01
tmat [39]
 7.796e-01 2.204e-01                  
          7.870e-01 2.130e-01         
                   8.792e-01 1.208e-01
tmat [40]
 7.900e-01 2.100e-01                  
          6.558e-01 3.442e-01         
                   6.624e-01 3.376e-01
tmat [41]
 6.899e-01 3.101e-01                  
          6.013e-01 3.987e-01         
                   6.301e-01 3.699e-01
tmat [42]
 7.260e-01 2.740e-01                  
          6.066e-01 3.934e-01         
                   5.762e-01 4.238e-01
tmat [43]
 5.839e-01 4.161e-01                  
          4.461e-01 5.539e-01         
                   5.534e-01 4.466e-01
tmat [44]
 8.889e-01 1.111e-01                  
          7.895e-01 2.105e-01         
                   8.182e-01 1.818e-01
tmat [45]
 6.679e-01 3.321e-01                  
          5.965e-01 4.035e-01         
                   6.401e-01 3.599e-01
tmat [46]
 7.956e-01 2.044e-01                  
          5.345e-01 4.655e-01         
                   6.493e-01 3.507e-01
tmat [47]
 7.928e-01 2.072e-01                  
          7.034e-01 2.966e-01         
                   6.263e-01 3.737e-01
tmat [48]
 6.836e-01 3.164e-01                  
          6.437e-01 3.563e-01         
                   6.559e-01 3.441e-01
tmat [49]
 7.076e-01 2.924e-01                  
          6.762e-01 3.238e-01         
                   7.803e-01 2.197e-01
tmat [50]
 7.622e-01 2.378e-01                  
          5.964e-01 4.036e-01         
                   6.240e-01 3.760e-01
tmat [51]
 8.583e-01 1.417e-01                  
          6.531e-01 3.469e-01         
                   7.344e-01 2.656e-01
tmat [52]
 6.738e-01 3.262e-01                  
          6.895e-01 3.105e-01         
                   6.561e-01 3.439e-01
tmat [53]
 7.565e-01 2.435e-01                  
          6.609e-01 3.391e-01         
                   7.664e-01 2.336e-01
tmat [54]
 6.572e-01 3.428e-01                  
          6.656e-01 3.344e-01         
                   6.374e-01 3.626e-01
tmat [55]
 6.493e-01 3.507e-01                  
          7.475e-01 2.525e-01         
                   8.117e-01 1.883e-01
tmat [56]
 6.195e-01 3.805e-01                  
          6.057e-01 3.943e-01         
                   5.719e-01 4.281e-01
tmat [57]
 7.656e-01 2.344e-01                  
          6.974e-01 3.026e-01         
                   5.913e-01 4.087e-01
tmat [58]
 7.661e-01 2.339e-01                  
          5.473e-01 4.527e-01         
                   5.658e-01 4.342e-01
tmat [59]
 7.765e-01 2.235e-01                  
          4.857e-01 5.143e-01         
                   5.047e-01 4.953e-01
tmat [60]
 7.069e-01 2.931e-01                  
          6.460e-01 3.540e-01         
                   6.614e-01 3.386e-01
tmat [61]
 7.085e-01 2.915e-01                  
          7.206e-01 2.794e-01         
                   6.948e-01 3.052e-01
tmat [62]
 6.686e-01 3.314e-01                  
          5.849e-01 4.151e-01         
                   5.497e-01 4.503e-01
tmat [63]
 7.619e-01 2.381e-01                  
          6.910e-01 3.090e-01         
                   6.540e-01 3.460e-01
tmat [64]
 9.603e-01 3.970e-02                  
          7.727e-01 2.273e-01         
                   7.727e-01 2.273e-01
tmat [65]
 6.249e-01 3.751e-01                  
          5.439e-01 4.561e-01         
                   7.043e-01 2.957e-01
tmat [66]
 7.513e-01 2.487e-01                  
          7.126e-01 2.874e-01         
                   6.135e-01 3.865e-01
tmat [67]
 7.251e-01 2.749e-01                  
          6.753e-01 3.247e-01         
                   7.176e-01 2.824e-01
tmat [68]
 7.521e-01 2.479e-01                  
          5.786e-01 4.214e-01         
                   5.573e-01 4.427e-01
tmat [69]
 6.886e-01 3.114e-01                  
          6.395e-01 3.605e-01         
                   5.782e-01 4.218e-01
tmat [70]
 5.272e-01 4.728e-01                  
          6.417e-01 3.583e-01         
                   7.295e-01 2.705e-01
tmat [71]
 6.027e-01 3.973e-01                  
          6.689e-01 3.311e-01         
                   8.081e-01 1.919e-01
tmat [72]
 6.835e-01 3.165e-01                  
          6.096e-01 3.904e-01         
                   6.629e-01 3.371e-01
tmat [73]
 8.290e-01 1.710e-01                  
          6.723e-01 3.277e-01         
                   7.114e-01 2.886e-01
tmat [74]
 7.940e-01 2.060e-01                  
          7.603e-01 2.397e-01         
                   6.353e-01 3.647e-01
tmat [75]
 7.155e-01 2.845e-01                  
          6.377e-01 3.623e-01         
                   6.642e-01 3.358e-01
tmat [76]
 7.932e-01 2.068e-01                  
          7.395e-01 2.605e-01         
                   8.100e-01 1.900e-01
tmat [77]
 6.768e-01 3.232e-01                  
          6.394e-01 3.606e-01         
                   6.376e-01 3.624e-01
tmat [78]
 8.180e-01 1.820e-01                  
          6.867e-01 3.133e-01         
                   7.078e-01 2.922e-01
tmat [79]
 5.797e-01 4.203e-01                  
          5.804e-01 4.196e-01         
                   5.381e-01 4.619e-01
