tmat 80 4
tmat [0]
 8.926e-01 1.074e-01                  
          9.430e-01 5.703e-02         
                   9.276e-01 7.238e-02
tmat [1]
 9.391e-01 6.087e-02                  
          9.519e-01 4.811e-02         
                   9.568e-01 4.325e-02
tmat [2]
 7.955e-01 2.045e-01                  
          9.174e-01 8.265e-02         
                   9.084e-01 9.160e-02
tmat [3]
 8.746e-01 1.254e-01                  
          9.190e-01 8.103e-02         
                   9.242e-01 7.583e-02
tmat [4]
 8.478e-01 1.522e-01                  
          9.058e-01 9.417e-02         
                   9.176e-01 8.241e-02
tmat [5]
 9.394e-01 6.061e-02                  
          9.262e-01 7.381e-02         
                   9.371e-01 6.294e-02
tmat [6]
 8.314e-01 1.686e-01                  
          7.340e-01 2.660e-01         
                   9.241e-01 7.593e-02
tmat [7]
 9.463e-01 5.371e-02                  
          9.423e-01 5.766e-02         
                   9.512e-01 4.883e-02
tmat [8]
 6.942e-01 3.058e-01                  
          8.076e-01 1.924e-01         
                   8.097e-01 1.903e-01
tmat [9]
 9.327e-01 6.734e-02                  
          9.402e-01 5.981e-02         
                   9.462e-01 5.375e-02
tmat [10]
 8.654e-01 1.346e-01                  
          8.144e-01 1.856e-01         
                   8.619e-01 1.381e-01
tmat [11]
 5.353e-01 4.647e-01                  
          5.688e-01 4.312e-01         
                   6.198e-01 3.802e-01
tmat [12]
 7.451e-01 2.549e-01                  
          6.724e-01 3.276e-01         
                   7.254e-01 2.746e-01
tmat [13]
 7.938e-01 2.062e-01                  
          6.975e-01 3.025e-01         
                   6.852e-01 3.147e-01
tmat [14]
 7.561e-01 2.439e-01                  
          7.850e-01 2.150e-01         
                   8.100e-01 1.900e-01
tmat [15]
 7.861e-01 2.139e-01                  
          7.179e-01 2.821e-01         
                   6.902e-01 3.098e-01
tmat [16]
 8.783e-01 1.217e-01                  
          8.808e-01 1.192e-01         
                   9.415e-01 5.846e-02
tmat [17]
 7.466e-01 2.534e-01                  
          7.399e-01 2.601e-01         
                   6.734e-01 3.266e-01
tmat [18]
 7.426e-01 2.574e-01                  
          7.581e-01 2.419e-01         
                   7.813e-01 2.187e-01
tmat [19]
 8.019e-01 1.981e-01                  
          8.511e-01 1.489e-01         
                   8.821e-01 1.179e-01
tmat [20]
 6.831e-01 3.169e-01                  
          5.932e-01 4.068e-01         
                   6.386e-01 3.614e-01
tmat [21]
 8.154e-01 1.846e-01                  
          7.063e-01 2.937e-01         
                   7.603e-01 2.397e-01
tmat [22]
 6.578e-01 3.422e-01                  
          5.756e-01 4.244e-01         
                   6.276e-01 3.724e-01
tmat [23]
 6.759e-01 3.241e-01                  
          5.065e-01 4.935e-01         
                   5.291e-01 4.709e-01
tmat [24]
 7.588e-01 2.412e-01                  
          5.524e-01 4.476e-01         
                   6.052e-01 3.948e-01
tmat [25]
 8.149e-01 1.851e-01                  
          7.236e-01 2.764e-01         
                   8.061e-01 1.939e-01
tmat [26]
 9.251e-01 7.493e-02                  
          6.505e-01 3.495e-01         
                   6.666e-01 3.334e-01
tmat [27]
 7.894e-01 2.106e-01                  
          8.628e-01 1.372e-01         
                   7.261e-01 2.739e-01
tmat [28]
 7.085e-01 2.915e-01                  
          5.743e-01 4.257e-01         
                   7.256e-01 2.744e-01
tmat [29]
 6.644e-01 3.356e-01                  
          6.109e-01 3.891e-01         
                   7.686e-01 2.314e-01
tmat [30]
 7.326e-01 2.674e-01                  
          5.355e-01 4.645e-01         
                   5.911e-01 4.089e-01
tmat [31]
 9.565e-01 4.348e-02                  
          8.333e-01 1.667e-01         
                   9.375e-01 6.250e-02
tmat [32]
 6.690e-01 3.310e-01                  
          5.989e-01 4.011e-01         
                   7.280e-01 2.720e-01
tmat [33]
 7.515e-01 2.485e-01                  
          6.956e-01 3.044e-01         
                   7.318e-01 2.682e-01
tmat [34]
 6.919e-01 3.081e-01                  
          5.815e-01 4.185e-01         
                   6.227e-01 3.773e-01
tmat [35]
 7.067e-01 2.933e-01                  
          6.183e-01 3.817e-01         
                   7.735e-01 2.265e-01
tmat [36]
 7.576e-01 2.424e-01                  
          7.536e-01 2.464e-01         
                   7.866e-01 2.134e-01
tmat [37]
 6.404e-01 3.596e-01                  
          5.879e-01 4.121e-01         
                   6.879e-01 3.121e-01
tmat [38]
 6.682e-01 3.318e-01                  
          6.496e-01 3.504e-01         
                   7.116e-01 2.884e-01
tmat [39]
 7.984e-01 2.016e-01                  
          7.922e-01 2.078e-01         
                   8.755e-01 1.245e-01
tmat [40]
 7.940e-01 2.060e-01                  
          6.404e-01 3.596e-01         
                   6.354e-01 3.646e-01
tmat [41]
 6.822e-01 3.178e-01                  
          6.222e-01 3.778e-01         
                   6.393e-01 3.607e-01
tmat [42]
 7.166e-01 2.834e-01                  
          5.988e-01 4.012e-01         
                   5.609e-01 4.391e-01
tmat [43]
 6.518e-01 3.482e-01                  
          6.247e-01 3.753e-01         
                   7.959e-01 2.041e-01
tmat [44]
 8.919e-01 1.081e-01                  
          8.182e-01 1.818e-01         
                   8.333e-01 1.667e-01
tmat [45]
 6.341e-01 3.659e-01                  
          5.677e-01 4.323e-01         
                   6.722e-01 3.278e-01
tmat [46]
 7.539e-01 2.461e-01                  
          5.984e-01 4.016e-01         
                   6.604e-01 3.396e-01
tmat [47]
 8.180e-01 1.820e-01                  
          6.488e-01 3.512e-01         
                   6.388e-01 3.612e-01
tmat [48]
 7.034e-01 2.966e-01                  
          6.471e-01 3.529e-01         
                   7.534e-01 2.466e-01
tmat [49]
 7.351e-01 2.649e-01                  
          6.898e-01 3.102e-01         
                   7.962e-01 2.038e-01
tmat [50]
 7.457e-01 2.543e-01                  
          6.732e-01 3.268e-01         
                   6.073e-01 3.927e-01
tmat [51]
 8.425e-01 1.575e-01                  
          7.808e-01 2.192e-01         
                   7.377e-01 2.623e-01
tmat [52]
 6.444e-01 3.556e-01                  
          7.118e-01 2.882e-01         
                   6.791e-01 3.209e-01
tmat [53]
 7.791e-01 2.209e-01                  
          7.323e-01 2.677e-01         
                   7.777e-01 2.223e-01
tmat [54]
 6.484e-01 3.516e-01                  
          6.849e-01 3.151e-01         
                   6.598e-01 3.402e-01
tmat [55]
 6.318e-01 3.682e-01                  
          7.402e-01 2.598e-01         
                   8.544e-01 1.456e-01
tmat [56]
 4.904e-01 5.096e-01                  
          6.958e-01 3.042e-01         
                   5.762e-01 4.238e-01
tmat [57]
 7.320e-01 2.680e-01                  
          7.452e-01 2.548e-01         
                   6.999e-01 3.001e-01
tmat [58]
 7.700e-01 2.300e-01                  
          5.213e-01 4.787e-01         
                   5.721e-01 4.279e-01
tmat [59]
 7.829e-01 2.171e-01                  
          5.246e-01 4.754e-01         
                   5.154e-01 4.846e-01
tmat [60]
 7.300e-01 2.700e-01                  
          6.743e-01 3.257e-01         
                   6.901e-01 3.099e-01
tmat [61]
 7.257e-01 2.743e-01                  
          7.000e-01 3.000e-01         
                   9.200e-01 7.998e-02
tmat [62]
 6.608e-01 3.392e-01                  
          5.754e-01 4.246e-01         
                   5.533e-01 4.467e-01
tmat [63]
 7.747e-01 2.253e-01                  
          7.282e-01 2.718e-01         
                   6.713e-01 3.287e-01
tmat [64]
 8.529e-01 1.471e-01                  
          8.485e-01 1.515e-01         
                   9.541e-01 4.588e-02
tmat [65]
 6.386e-01 3.614e-01                  
          5.831e-01 4.169e-01         
                   7.222e-01 2.778e-01
tmat [66]
 7.543e-01 2.457e-01                  
          5.976e-01 4.024e-01         
                   6.512e-01 3.488e-01
tmat [67]
 7.106e-01 2.894e-01                  
          6.965e-01 3.035e-01         
                   7.219e-01 2.781e-01
tmat [68]
 7.582e-01 2.418e-01                  
          6.096e-01 3.904e-01         
                   5.460e-01 4.540e-01
tmat [69]
 6.971e-01 3.029e-01                  
          5.977e-01 4.023e-01         
                   5.600e-01 4.400e-01
tmat [70]
 5.625e-01 4.375e-01                  
          6.846e-01 3.154e-01         
                   7.437e-01 2.563e-01
tmat [71]
 6.997e-01 3.003e-01                  
          7.372e-01 2.628e-01         
                   7.959e-01 2.041e-01
tmat [72]
 6.647e-01 3.353e-01                  
          6.218e-01 3.782e-01         
                   7.861e-01 2.139e-01
tmat [73]
 8.332e-01 1.668e-01                  
          6.626e-01 3.374e-01         
                   6.837e-01 3.163e-01
tmat [74]
 8.135e-01 1.865e-01                  
          7.634e-01 2.366e-01         
                   6.337e-01 3.663e-01
tmat [75]
 7.031e-01 2.969e-01                  
          6.700e-01 3.300e-01         
                   7.112e-01 2.888e-01
tmat [76]
 7.842e-01 2.158e-01                  
          7.519e-01 2.481e-01         
                   8.202e-01 1.798e-01
tmat [77]
 6.870e-01 3.130e-01                  
          6.806e-01 3.194e-01         
                   6.533e-01 3.467e-01
tmat [78]
 8.216e-01 1.784e-01                  
          7.152e-01 2.848e-01         
                   6.426e-01 3.574e-01
tmat [79]
 6.125e-01 3.875e-01                  
          5.854e-01 4.146e-01         
                   5.687e-01 4.313e-01
